16 18
0: ,,16,
1: ,2,17,
2: ,3,,1
3: ,4,19,2
4: ,5,20,3
5: ,6,,4
6: ,7,22,5
7: ,8,,6
8: ,9,24,7
9: ,,25,8
10: ,11,26,
11: ,12,,10
12: ,,,11
13: ,14,29,
14: ,15,,13
15: ,,,14
16: 0,,32,
17: 1,,33,
18: ,19,34,
19: 3,,35,18
20: 4,21,36,
21: ,22,,20
22: 6,,,21
23: ,,39,
24: 8,25,40,
25: 9,,41,24
26: 10,27,,
27: ,28,,26
28: ,,44,27
29: 13,30,,
30: ,31,,29
31: ,,47,30
32: 16,33,48,
33: 17,34,,32
34: 18,35,,33
35: 19,,51,34
36: 20,37,52,
37: ,38,,36
38: ,39,,37
39: 23,40,,38
40: 24,41,,39
41: 25,,57,40
42: ,43,58,
43: ,44,59,42
44: 28,45,60,43
45: ,,61,44
46: ,47,62,
47: 31,,63,46
48: 32,49,64,
49: ,50,65,48
50: ,51,,49
51: 35,,67,50
52: 36,53,68,
53: ,,69,52
54: ,55,,
55: ,56,71,54
56: ,,72,55
57: 41,,73,
58: 42,59,74,
59: 43,60,75,58
60: 44,,76,59
61: 45,62,77,
62: 46,63,78,61
63: 47,,79,62
64: 48,65,80,
65: 49,66,,64
66: ,67,82,65
67: 51,68,83,66
68: 52,69,84,67
69: 53,,85,68
70: ,71,86,
71: 55,72,87,70
72: 56,73,,71
73: 57,74,89,72
74: 58,75,,73
75: 59,76,,74
76: 60,,92,75
77: 61,,93,
78: 62,79,94,
79: 63,,95,78
80: 64,,96,
81: ,82,97,
82: 66,,98,81
83: 67,84,,
84: 68,,,83
85: 69,,101,
86: 70,87,102,
87: 71,,,86
88: ,89,104,
89: 73,90,105,88
90: ,91,106,89
91: ,92,107,90
92: 76,93,108,91
93: 77,,109,92
94: 78,95,110,
95: 79,,111,94
96: 80,97,112,
97: 81,98,113,96
98: 82,,114,97
99: ,100,115,
100: ,,116,99
101: 85,102,117,
102: 86,103,118,101
103: ,,119,102
104: 88,,120,
105: 89,106,121,
106: 90,107,,105
107: 91,,123,106
108: 92,109,,
109: 93,,125,108
110: 94,,126,
111: 95,,127,
112: 96,113,,
113: 97,114,,112
114: 98,115,,113
115: 99,116,,114
116: 100,117,132,115
117: 101,118,,116
118: 102,119,,117
119: 103,120,135,118
120: 104,121,,119
121: 105,122,,120
122: ,123,138,121
123: 107,124,139,122
124: ,125,,123
125: 109,,,124
126: 110,127,142,
127: 111,,143,126
128: ,129,144,
129: ,130,145,128
130: ,,146,129
131: ,132,147,
132: 116,133,148,131
133: ,,149,132
134: ,135,150,
135: 119,136,151,134
136: ,137,,135
137: ,138,153,136
138: 122,139,,137
139: 123,,155,138
140: ,141,156,
141: ,142,,140
142: 126,143,158,141
143: 127,,159,142
144: 128,145,160,
145: 129,146,161,144
146: 130,147,162,145
147: 131,,163,146
148: 132,149,164,
149: 133,150,,148
150: 134,151,,149
151: 135,,,150
152: ,153,168,
153: 137,154,169,152
154: ,155,170,153
155: 139,,171,154
156: 140,157,172,
157: ,158,173,156
158: 142,159,,157
159: 143,,,158
160: 144,161,176,
161: 145,162,,160
162: 146,,,161
163: 147,,,
164: 148,165,180,
165: ,,181,164
166: ,167,182,
167: ,168,183,166
168: 152,,184,167
169: 153,170,185,
170: 154,171,186,169
171: 155,172,187,170
172: 156,173,188,171
173: 157,174,,172
174: ,175,,173
175: ,,,174
176: 160,177,192,
177: ,178,193,176
178: ,179,194,177
179: ,,195,178
180: 164,181,,
181: 165,182,,180
182: 166,183,198,181
183: 167,184,,182
184: 168,,,183
185: 169,,201,
186: 170,,202,
187: 171,188,203,
188: 172,189,204,187
189: ,190,205,188
190: ,191,206,189
191: ,,207,190
192: 176,193,208,
193: 177,194,,192
194: 178,195,,193
195: 179,196,,194
196: ,197,,195
197: ,198,213,196
198: 182,199,214,197
199: ,,,198
200: ,201,,
201: 185,202,,200
202: 186,203,218,201
203: 187,204,,202
204: 188,205,,203
205: 189,206,221,204
206: 190,207,,205
207: 191,,,206
208: 192,209,224,
209: ,210,225,208
210: ,211,,209
211: ,212,227,210
212: ,213,228,211
213: 197,,229,212
214: 198,215,230,
215: ,216,231,214
216: ,217,232,215
217: ,218,233,216
218: 202,219,,217
219: ,,,218
220: ,221,236,
221: 205,222,237,220
222: ,223,238,221
223: ,,239,222
224: 208,225,240,
225: 209,226,,224
226: ,227,,225
227: 211,228,,226
228: 212,229,244,227
229: 213,,,228
230: 214,231,,
231: 215,,,230
232: 216,233,,
233: 217,234,,232
234: ,235,250,233
235: ,236,,234
236: 220,,,235
237: 221,238,253,
238: 222,,,237
239: 223,,,
240: 224,241,256,
241: ,242,257,240
242: ,243,258,241
243: ,244,259,242
244: 228,245,260,243
245: ,246,261,244
246: ,247,262,245
247: ,,263,246
248: ,249,264,
249: ,250,265,248
250: 234,251,266,249
251: ,252,267,250
252: ,253,268,251
253: 237,254,269,252
254: ,255,270,253
255: ,,271,254
256: 240,257,272,
257: 241,258,273,256
258: 242,259,274,257
259: 243,260,275,258
260: 244,261,276,259
261: 245,262,277,260
262: 246,263,278,261
263: 247,264,279,262
264: 248,265,280,263
265: 249,266,281,264
266: 250,267,282,265
267: 251,268,283,266
268: 252,269,284,267
269: 253,270,285,268
270: 254,271,286,269
271: 255,,287,270
272: 256,273,,
273: 257,274,,272
274: 258,275,,273
275: 259,276,,274
276: 260,277,,275
277: 261,278,,276
278: 262,279,,277
279: 263,280,,278
280: 264,281,,279
281: 265,282,,280
282: 266,283,,281
283: 267,284,,282
284: 268,285,,283
285: 269,286,,284
286: 270,287,,285
287: 271,,,286